15 0.50234375 0.5015625 0.9953125 0.996875
5 0.50234375 0.50234375 0.9953125 0.9953125
15 0.38125 0.71875 0.2375 0.31015625
22 0.01328125 0.51640625 0.02109375 0.03828125
5 0.21015625 0.5359375 0.3328125 0.21171875
15 0.4921875 0.3828125 0.134375 0.12265625
22 0.35546875 0.56484375 0.02890625 0.028125
22 0.3671875 0.50859375 0.015625 0.028125
22 0.6453125 0.6671875 0.05625 0.1703125
22 0.740625 0.625 0.03515625 0.13828125
5 0.88671875 0.621875 0.22578125 0.43203125
22 0.809375 0.76875 0.0625 0.0625
15 0.915625 0.490625 0.16875 0.103125
15 0.6140625 0.4140625 0.0453125 0.115625
15 0.66171875 0.43046875 0.03828125 0.1125
15 0.69296875 0.43515625 0.0375 0.11796875
15 0.7234375 0.478125 0.0203125 0.0296875