2 0.75234375 0.571875 0.4921875 0.85625
2 0.753125 0.5703125 0.49375 0.859375
19 0.95625 0.23828125 0.0875 0.15546875
19 0.96015625 0.3921875 0.0796875 0.16484375
19 0.953125 0.53984375 0.09375 0.1859375
19 0.9546875 0.7 0.08984375 0.2359375
19 0.95078125 0.85234375 0.09765625 0.22890625
19 0.94609375 0.934375 0.1078125 0.13125
19 0.85078125 0.2328125 0.1234375 0.171875
19 0.8484375 0.384375 0.12109375 0.15703125
19 0.8484375 0.5171875 0.11875 0.1671875
19 0.84609375 0.64609375 0.11328125 0.184375
19 0.84453125 0.775 0.12109375 0.21484375
19 0.8390625 0.89375 0.115625 0.2125
1 0.84453125 0.9109375 0.10234375 0.1734375
19 0.8421875 0.95 0.11796875 0.09921875
19 0.74609375 0.259375 0.084375 0.14453125
19 0.74609375 0.3765625 0.08671875 0.13359375
19 0.74375 0.4890625 0.0875 0.153125
19 0.74140625 0.60234375 0.084375 0.159375
19 0.7359375 0.9109375 0.0875 0.16484375
19 0.73984375 0.82421875 0.08984375 0.190625
19 0.73984375 0.71484375 0.084375 0.17734375
19 0.66640625 0.2671875 0.078125 0.13671875
19 0.6640625 0.3765625 0.0859375 0.13046875
19 0.659375 0.85078125 0.07890625 0.1453125
19 0.65859375 0.7734375 0.07109375 0.17578125
19 0.6625 0.67109375 0.07421875 0.15
19 0.659375 0.5734375 0.07265625 0.13671875
19 0.6625 0.47578125 0.06796875 0.1265625
19 0.59921875 0.38046875 0.06328125 0.12421875
19 0.6015625 0.2859375 0.0640625 0.11015625
19 0.59375 0.72578125 0.059375 0.140625
19 0.5953125 0.6375 0.0625 0.1390625
19 0.596875 0.55625 0.0734375 0.1296875
19 0.596875 0.46875 0.0734375 0.11171875
19 0.59921875 0.8078125 0.06328125 0.08515625
19 0.209375 0.35625 0.15546875 0.0890625
19 0.3546875 0.3609375 0.1453125 0.08203125
1 0.4671875 0.36484375 0.0796875 0.06015625
19 0.4671875 0.36484375 0.08359375 0.08046875
19 0.20546875 0.4296875 0.1515625 0.0875
19 0.35625 0.43125 0.14609375 0.08515625
19 0.46796875 0.43515625 0.08515625 0.078125
19 0.20546875 0.4921875 0.15546875 0.075
1 0.3546875 0.49375 0.13984375 0.05
19 0.35390625 0.490625 0.14453125 0.06953125
1 0.46640625 0.5015625 0.07734375 0.0484375
19 0.465625 0.4984375 0.08125 0.07109375
19 0.2046875 0.55703125 0.15859375 0.084375
19 0.35 0.5578125 0.14609375 0.08671875
19 0.46328125 0.56171875 0.08515625 0.08359375
19 0.203125 0.6375 0.15859375 0.09140625
20 0.296875 0.65859375 0.228125 0.16796875
19 0.35390625 0.63046875 0.1453125 0.075
19 0.46328125 0.62890625 0.08515625 0.07890625
19 0.5453125 0.29765625 0.05390625 0.0984375
19 0.54609375 0.3734375 0.05859375 0.0890625
19 0.54609375 0.4546875 0.0484375 0.0890625
19 0.5421875 0.5328125 0.0484375 0.1046875
19 0.54140625 0.60859375 0.0453125 0.1140625
20 0.40546875 0.82265625 0.378125 0.35
19 0.53984375 0.6921875 0.04921875 0.13828125
1 0.9703125 0.2546875 0.059375 0.09921875
1 0.95859375 0.3953125 0.0828125 0.134375
1 0.95703125 0.55546875 0.0859375 0.12421875
1 0.95546875 0.6953125 0.0890625 0.1625
1 0.953125 0.8640625 0.09296875 0.171875
1 0.84609375 0.7828125 0.10625 0.1515625
1 0.8484375 0.6515625 0.109375 0.1140625
1 0.84921875 0.52421875 0.11484375 0.12578125
1 0.84765625 0.38984375 0.11796875 0.115625
1 0.85234375 0.25390625 0.11484375 0.10859375
1 0.7484375 0.275 0.08203125 0.08671875
1 0.74609375 0.38984375 0.08125 0.09140625
1 0.74453125 0.5 0.08125 0.10078125
1 0.740625 0.60546875 0.08125 0.121875
1 0.740625 0.7234375 0.08046875 0.1265625
1 0.7375 0.83046875 0.08359375 0.12890625
1 0.6578125 0.78203125 0.065625 0.084375
1 0.66015625 0.68046875 0.0640625 0.11015625
1 0.66171875 0.575 0.0609375 0.10390625
1 0.66328125 0.4796875 0.06484375 0.09453125
1 0.66640625 0.38359375 0.06640625 0.0828125
1 0.6703125 0.28046875 0.0609375 0.08984375
1 0.60078125 0.29609375 0.05546875 0.07109375
1 0.59921875 0.38359375 0.0515625 0.0734375
1 0.59765625 0.471875 0.0546875 0.07421875
1 0.5984375 0.55546875 0.0484375 0.08828125
1 0.59453125 0.64453125 0.05546875 0.09765625
1 0.59921875 0.7375 0.0421875 0.1046875
1 0.5421875 0.69609375 0.0390625 0.0875
1 0.54140625 0.61484375 0.04296875 0.078125
1 0.54296875 0.53984375 0.0453125 0.06953125
1 0.54921875 0.46171875 0.03515625 0.06796875
1 0.54609375 0.38515625 0.04375 0.06484375
1 0.54765625 0.30390625 0.0453125 0.0609375
1 0.20625 0.36171875 0.1453125 0.0578125
1 0.35546875 0.36640625 0.13984375 0.05703125
1 0.20703125 0.4296875 0.1484375 0.0609375
1 0.3546875 0.43984375 0.1375 0.046875
1 0.46875 0.44296875 0.07265625 0.0453125
1 0.20625 0.50625 0.14765625 0.02109375
1 0.1671875 0.56171875 0.07109375 0.06171875
1 0.353125 0.5703125 0.13125 0.046875
1 0.45703125 0.5671875 0.0625 0.04921875
1 0.46484375 0.63046875 0.075 0.05625
1 0.371875 0.69296875 0.084375 0.04765625
1 0.31796875 0.6265625 0.06328125 0.025
1 0.2921875 0.584375 0.05859375 0.025
1 0.26640625 0.5453125 0.0421875 0.07421875